Frequency: 1.000000
Sample Rate: 1000000.000000
Vector Length: 1
Notes: 
-96.30
-96.35
-96.17
-96.24
-96.46
-96.19
-96.22
-96.10
-96.41
-96.09
-96.26
-96.30
-96.33
-96.34
-96.28
-96.20
-96.33
-96.45
-96.15
-96.23
-96.24
-96.33
-96.00
-96.46
-96.19
-96.07
-96.26
-96.56
-96.14
-96.15
-96.27
-95.98
-96.19
-96.32
-96.42
-96.04
-96.26
-96.21
-96.34
-96.03
-96.44
-96.10
-96.28
-96.51
-96.25
-96.20
-96.24
-96.47
-96.24
-96.15
-96.22
-96.33
-96.42
-96.14
-96.31
-96.38
-96.50
-96.35
-96.45
-96.26
-96.29
-96.31
-96.30
-96.24
-96.48
-96.36
-96.30
-96.45
-96.15
-96.37
-96.06
-96.44
-96.14
-96.35
-96.37
-96.48
-96.02
